UNITS MM,10000;
EDIT proj;
ADD P2 :W0.000000  3.9451,1.8359 5.9451,1.8359 5.9451,27.8359 3.9451,27.8359;
ADD P2 :W0.000000  8.9451,-1.1641 0.9451,-1.1641 0.9451,27.8363 -9.4547,27.8363 -9.4547,-22.1637 18.5453,-22.1637 18.5453,27.8363 8.9451,27.8363;
ADD P1 :W0.000000  3.9451,-22.1637 5.9451,-22.1637 5.9451,3.8363 3.9451,3.8363;
ADD P1 :W0.000000  18.5453,-22.1641 18.5453,27.8359 -9.4547,27.8359 -9.4547,-22.1641 0.9443,-22.1641 0.9443,6.8363 8.9443,6.8363 8.9443,-22.1641;
ADD P5 :W0.000000  5.1886,2.8374 5.1878,2.8548 5.1856,2.8721 5.1818,2.8892 5.1765,2.9058 5.1699,2.9219 5.1618,2.9374 5.1524,2.9521 5.1418,2.9660 5.1300,2.9788 5.1172,2.9906 5.1033,3.0012 5.0886,3.0106 5.0731,3.0187 5.0570,3.0253 5.0404,3.0306 5.0233,3.0344 5.0060,3.0366 4.9886,3.0374 4.9712,3.0366 4.9539,3.0344 4.9368,3.0306 4.9202,3.0253 4.9041,3.0187 4.8886,3.0106 4.8739,3.0012 4.8600,2.9906 4.8472,2.9788 4.8354,2.9660 4.8248,2.9521 4.8154,2.9374 4.8073,2.9219 4.8007,2.9058 4.7954,2.8892 4.7916,2.8721 4.7894,2.8548 4.7886,2.8374 4.7894,2.8200 4.7916,2.8027 4.7954,2.7856 4.8007,2.7690 4.8073,2.7529 4.8154,2.7374 4.8248,2.7227 4.8354,2.7088 4.8472,2.6960 4.8600,2.6842 4.8739,2.6736 4.8886,2.6642 4.9041,2.6561 4.9202,2.6495 4.9368,2.6442 4.9539,2.6404 4.9712,2.6382 4.9886,2.6374 5.0060,2.6382 5.0233,2.6404 5.0404,2.6442 5.0570,2.6495 5.0731,2.6561 5.0886,2.6642 5.1033,2.6736 5.1172,2.6842 5.1300,2.6960 5.1418,2.7088 5.1524,2.7227 5.1618,2.7374 5.1699,2.7529 5.1765,2.7690 5.1818,2.7856 5.1856,2.8027 5.1878,2.8200 5.1886,2.8374;
ADD P5 :W0.000000  -6.8437,-17.2065 -6.8445,-17.1891 -6.8467,-17.1718 -6.8505,-17.1547 -6.8558,-17.1381 -6.8624,-17.1220 -6.8705,-17.1065 -6.8799,-17.0918 -6.8905,-17.0779 -6.9023,-17.0651 -6.9151,-17.0533 -6.9290,-17.0427 -6.9437,-17.0333 -6.9592,-17.0252 -6.9753,-17.0186 -6.9919,-17.0133 -7.0090,-17.0095 -7.0263,-17.0073 -7.0437,-17.0065 -7.0611,-17.0073 -7.0784,-17.0095 -7.0955,-17.0133 -7.1121,-17.0186 -7.1282,-17.0252 -7.1437,-17.0333 -7.1584,-17.0427 -7.1723,-17.0533 -7.1851,-17.0651 -7.1969,-17.0779 -7.2075,-17.0918 -7.2169,-17.1065 -7.2250,-17.1220 -7.2316,-17.1381 -7.2369,-17.1547 -7.2407,-17.1718 -7.2429,-17.1891 -7.2437,-17.2065 -7.2429,-17.2239 -7.2407,-17.2412 -7.2369,-17.2583 -7.2316,-17.2749 -7.2250,-17.2910 -7.2169,-17.3065 -7.2075,-17.3212 -7.1969,-17.3351 -7.1851,-17.3479 -7.1723,-17.3597 -7.1584,-17.3703 -7.1437,-17.3797 -7.1282,-17.3878 -7.1121,-17.3944 -7.0955,-17.3997 -7.0784,-17.4035 -7.0611,-17.4057 -7.0437,-17.4065 -7.0263,-17.4057 -7.0090,-17.4035 -6.9919,-17.3997 -6.9753,-17.3944 -6.9592,-17.3878 -6.9437,-17.3797 -6.9290,-17.3703 -6.9151,-17.3597 -6.9023,-17.3479 -6.8905,-17.3351 -6.8799,-17.3212 -6.8705,-17.3065 -6.8624,-17.2910 -6.8558,-17.2749 -6.8505,-17.2583 -6.8467,-17.2412 -6.8445,-17.2239 -6.8437,-17.2065;
ADD P5 :W0.000000  -6.8437,-11.8065 -6.8445,-11.7891 -6.8467,-11.7718 -6.8505,-11.7547 -6.8558,-11.7381 -6.8624,-11.7220 -6.8705,-11.7065 -6.8799,-11.6918 -6.8905,-11.6779 -6.9023,-11.6651 -6.9151,-11.6533 -6.9290,-11.6427 -6.9437,-11.6333 -6.9592,-11.6252 -6.9753,-11.6186 -6.9919,-11.6133 -7.0090,-11.6095 -7.0263,-11.6073 -7.0437,-11.6065 -7.0611,-11.6073 -7.0784,-11.6095 -7.0955,-11.6133 -7.1121,-11.6186 -7.1282,-11.6252 -7.1437,-11.6333 -7.1584,-11.6427 -7.1723,-11.6533 -7.1851,-11.6651 -7.1969,-11.6779 -7.2075,-11.6918 -7.2169,-11.7065 -7.2250,-11.7220 -7.2316,-11.7381 -7.2369,-11.7547 -7.2407,-11.7718 -7.2429,-11.7891 -7.2437,-11.8065 -7.2429,-11.8239 -7.2407,-11.8412 -7.2369,-11.8583 -7.2316,-11.8749 -7.2250,-11.8910 -7.2169,-11.9065 -7.2075,-11.9212 -7.1969,-11.9351 -7.1851,-11.9479 -7.1723,-11.9597 -7.1584,-11.9703 -7.1437,-11.9797 -7.1282,-11.9878 -7.1121,-11.9944 -7.0955,-11.9997 -7.0784,-12.0035 -7.0611,-12.0057 -7.0437,-12.0065 -7.0263,-12.0057 -7.0090,-12.0035 -6.9919,-11.9997 -6.9753,-11.9944 -6.9592,-11.9878 -6.9437,-11.9797 -6.9290,-11.9703 -6.9151,-11.9597 -6.9023,-11.9479 -6.8905,-11.9351 -6.8799,-11.9212 -6.8705,-11.9065 -6.8624,-11.8910 -6.8558,-11.8749 -6.8505,-11.8583 -6.8467,-11.8412 -6.8445,-11.8239 -6.8437,-11.8065;
ADD P5 :W0.000000  -6.8437,-6.4065 -6.8445,-6.3891 -6.8467,-6.3718 -6.8505,-6.3547 -6.8558,-6.3381 -6.8624,-6.3220 -6.8705,-6.3065 -6.8799,-6.2918 -6.8905,-6.2779 -6.9023,-6.2651 -6.9151,-6.2533 -6.9290,-6.2427 -6.9437,-6.2333 -6.9592,-6.2252 -6.9753,-6.2186 -6.9919,-6.2133 -7.0090,-6.2095 -7.0263,-6.2073 -7.0437,-6.2065 -7.0611,-6.2073 -7.0784,-6.2095 -7.0955,-6.2133 -7.1121,-6.2186 -7.1282,-6.2252 -7.1437,-6.2333 -7.1584,-6.2427 -7.1723,-6.2533 -7.1851,-6.2651 -7.1969,-6.2779 -7.2075,-6.2918 -7.2169,-6.3065 -7.2250,-6.3220 -7.2316,-6.3381 -7.2369,-6.3547 -7.2407,-6.3718 -7.2429,-6.3891 -7.2437,-6.4065 -7.2429,-6.4239 -7.2407,-6.4412 -7.2369,-6.4583 -7.2316,-6.4749 -7.2250,-6.4910 -7.2169,-6.5065 -7.2075,-6.5212 -7.1969,-6.5351 -7.1851,-6.5479 -7.1723,-6.5597 -7.1584,-6.5703 -7.1437,-6.5797 -7.1282,-6.5878 -7.1121,-6.5944 -7.0955,-6.5997 -7.0784,-6.6035 -7.0611,-6.6057 -7.0437,-6.6065 -7.0263,-6.6057 -7.0090,-6.6035 -6.9919,-6.5997 -6.9753,-6.5944 -6.9592,-6.5878 -6.9437,-6.5797 -6.9290,-6.5703 -6.9151,-6.5597 -6.9023,-6.5479 -6.8905,-6.5351 -6.8799,-6.5212 -6.8705,-6.5065 -6.8624,-6.4910 -6.8558,-6.4749 -6.8505,-6.4583 -6.8467,-6.4412 -6.8445,-6.4239 -6.8437,-6.4065;
ADD P5 :W0.000000  -6.8437,-1.0065 -6.8445,-0.9891 -6.8467,-0.9718 -6.8505,-0.9547 -6.8558,-0.9381 -6.8624,-0.9220 -6.8705,-0.9065 -6.8799,-0.8918 -6.8905,-0.8779 -6.9023,-0.8651 -6.9151,-0.8533 -6.9290,-0.8427 -6.9437,-0.8333 -6.9592,-0.8252 -6.9753,-0.8186 -6.9919,-0.8133 -7.0090,-0.8095 -7.0263,-0.8073 -7.0437,-0.8065 -7.0611,-0.8073 -7.0784,-0.8095 -7.0955,-0.8133 -7.1121,-0.8186 -7.1282,-0.8252 -7.1437,-0.8333 -7.1584,-0.8427 -7.1723,-0.8533 -7.1851,-0.8651 -7.1969,-0.8779 -7.2075,-0.8918 -7.2169,-0.9065 -7.2250,-0.9220 -7.2316,-0.9381 -7.2369,-0.9547 -7.2407,-0.9718 -7.2429,-0.9891 -7.2437,-1.0065 -7.2429,-1.0239 -7.2407,-1.0412 -7.2369,-1.0583 -7.2316,-1.0749 -7.2250,-1.0910 -7.2169,-1.1065 -7.2075,-1.1212 -7.1969,-1.1351 -7.1851,-1.1479 -7.1723,-1.1597 -7.1584,-1.1703 -7.1437,-1.1797 -7.1282,-1.1878 -7.1121,-1.1944 -7.0955,-1.1997 -7.0784,-1.2035 -7.0611,-1.2057 -7.0437,-1.2065 -7.0263,-1.2057 -7.0090,-1.2035 -6.9919,-1.1997 -6.9753,-1.1944 -6.9592,-1.1878 -6.9437,-1.1797 -6.9290,-1.1703 -6.9151,-1.1597 -6.9023,-1.1479 -6.8905,-1.1351 -6.8799,-1.1212 -6.8705,-1.1065 -6.8624,-1.0910 -6.8558,-1.0749 -6.8505,-1.0583 -6.8467,-1.0412 -6.8445,-1.0239 -6.8437,-1.0065;
ADD P5 :W0.000000  -6.8437,4.3935 -6.8445,4.4109 -6.8467,4.4282 -6.8505,4.4453 -6.8558,4.4619 -6.8624,4.4780 -6.8705,4.4935 -6.8799,4.5082 -6.8905,4.5221 -6.9023,4.5349 -6.9151,4.5467 -6.9290,4.5573 -6.9437,4.5667 -6.9592,4.5748 -6.9753,4.5814 -6.9919,4.5867 -7.0090,4.5905 -7.0263,4.5927 -7.0437,4.5935 -7.0611,4.5927 -7.0784,4.5905 -7.0955,4.5867 -7.1121,4.5814 -7.1282,4.5748 -7.1437,4.5667 -7.1584,4.5573 -7.1723,4.5467 -7.1851,4.5349 -7.1969,4.5221 -7.2075,4.5082 -7.2169,4.4935 -7.2250,4.4780 -7.2316,4.4619 -7.2369,4.4453 -7.2407,4.4282 -7.2429,4.4109 -7.2437,4.3935 -7.2429,4.3761 -7.2407,4.3588 -7.2369,4.3417 -7.2316,4.3251 -7.2250,4.3090 -7.2169,4.2935 -7.2075,4.2788 -7.1969,4.2649 -7.1851,4.2521 -7.1723,4.2403 -7.1584,4.2297 -7.1437,4.2203 -7.1282,4.2122 -7.1121,4.2056 -7.0955,4.2003 -7.0784,4.1965 -7.0611,4.1943 -7.0437,4.1935 -7.0263,4.1943 -7.0090,4.1965 -6.9919,4.2003 -6.9753,4.2056 -6.9592,4.2122 -6.9437,4.2203 -6.9290,4.2297 -6.9151,4.2403 -6.9023,4.2521 -6.8905,4.2649 -6.8799,4.2788 -6.8705,4.2935 -6.8624,4.3090 -6.8558,4.3251 -6.8505,4.3417 -6.8467,4.3588 -6.8445,4.3761 -6.8437,4.3935;
ADD P5 :W0.000000  -6.8437,9.7935 -6.8445,9.8109 -6.8467,9.8282 -6.8505,9.8453 -6.8558,9.8619 -6.8624,9.8780 -6.8705,9.8935 -6.8799,9.9082 -6.8905,9.9221 -6.9023,9.9349 -6.9151,9.9467 -6.9290,9.9573 -6.9437,9.9667 -6.9592,9.9748 -6.9753,9.9814 -6.9919,9.9867 -7.0090,9.9905 -7.0263,9.9927 -7.0437,9.9935 -7.0611,9.9927 -7.0784,9.9905 -7.0955,9.9867 -7.1121,9.9814 -7.1282,9.9748 -7.1437,9.9667 -7.1584,9.9573 -7.1723,9.9467 -7.1851,9.9349 -7.1969,9.9221 -7.2075,9.9082 -7.2169,9.8935 -7.2250,9.8780 -7.2316,9.8619 -7.2369,9.8453 -7.2407,9.8282 -7.2429,9.8109 -7.2437,9.7935 -7.2429,9.7761 -7.2407,9.7588 -7.2369,9.7417 -7.2316,9.7251 -7.2250,9.7090 -7.2169,9.6935 -7.2075,9.6788 -7.1969,9.6649 -7.1851,9.6521 -7.1723,9.6403 -7.1584,9.6297 -7.1437,9.6203 -7.1282,9.6122 -7.1121,9.6056 -7.0955,9.6003 -7.0784,9.5965 -7.0611,9.5943 -7.0437,9.5935 -7.0263,9.5943 -7.0090,9.5965 -6.9919,9.6003 -6.9753,9.6056 -6.9592,9.6122 -6.9437,9.6203 -6.9290,9.6297 -6.9151,9.6403 -6.9023,9.6521 -6.8905,9.6649 -6.8799,9.6788 -6.8705,9.6935 -6.8624,9.7090 -6.8558,9.7251 -6.8505,9.7417 -6.8467,9.7588 -6.8445,9.7761 -6.8437,9.7935;
ADD P5 :W0.000000  -6.8437,15.1935 -6.8445,15.2109 -6.8467,15.2282 -6.8505,15.2453 -6.8558,15.2619 -6.8624,15.2780 -6.8705,15.2935 -6.8799,15.3082 -6.8905,15.3221 -6.9023,15.3349 -6.9151,15.3467 -6.9290,15.3573 -6.9437,15.3667 -6.9592,15.3748 -6.9753,15.3814 -6.9919,15.3867 -7.0090,15.3905 -7.0263,15.3927 -7.0437,15.3935 -7.0611,15.3927 -7.0784,15.3905 -7.0955,15.3867 -7.1121,15.3814 -7.1282,15.3748 -7.1437,15.3667 -7.1584,15.3573 -7.1723,15.3467 -7.1851,15.3349 -7.1969,15.3221 -7.2075,15.3082 -7.2169,15.2935 -7.2250,15.2780 -7.2316,15.2619 -7.2369,15.2453 -7.2407,15.2282 -7.2429,15.2109 -7.2437,15.1935 -7.2429,15.1761 -7.2407,15.1588 -7.2369,15.1417 -7.2316,15.1251 -7.2250,15.1090 -7.2169,15.0935 -7.2075,15.0788 -7.1969,15.0649 -7.1851,15.0521 -7.1723,15.0403 -7.1584,15.0297 -7.1437,15.0203 -7.1282,15.0122 -7.1121,15.0056 -7.0955,15.0003 -7.0784,14.9965 -7.0611,14.9943 -7.0437,14.9935 -7.0263,14.9943 -7.0090,14.9965 -6.9919,15.0003 -6.9753,15.0056 -6.9592,15.0122 -6.9437,15.0203 -6.9290,15.0297 -6.9151,15.0403 -6.9023,15.0521 -6.8905,15.0649 -6.8799,15.0788 -6.8705,15.0935 -6.8624,15.1090 -6.8558,15.1251 -6.8505,15.1417 -6.8467,15.1588 -6.8445,15.1761 -6.8437,15.1935;
ADD P5 :W0.000000  -6.8437,20.5935 -6.8445,20.6109 -6.8467,20.6282 -6.8505,20.6453 -6.8558,20.6619 -6.8624,20.6780 -6.8705,20.6935 -6.8799,20.7082 -6.8905,20.7221 -6.9023,20.7349 -6.9151,20.7467 -6.9290,20.7573 -6.9437,20.7667 -6.9592,20.7748 -6.9753,20.7814 -6.9919,20.7867 -7.0090,20.7905 -7.0263,20.7927 -7.0437,20.7935 -7.0611,20.7927 -7.0784,20.7905 -7.0955,20.7867 -7.1121,20.7814 -7.1282,20.7748 -7.1437,20.7667 -7.1584,20.7573 -7.1723,20.7467 -7.1851,20.7349 -7.1969,20.7221 -7.2075,20.7082 -7.2169,20.6935 -7.2250,20.6780 -7.2316,20.6619 -7.2369,20.6453 -7.2407,20.6282 -7.2429,20.6109 -7.2437,20.5935 -7.2429,20.5761 -7.2407,20.5588 -7.2369,20.5417 -7.2316,20.5251 -7.2250,20.5090 -7.2169,20.4935 -7.2075,20.4788 -7.1969,20.4649 -7.1851,20.4521 -7.1723,20.4403 -7.1584,20.4297 -7.1437,20.4203 -7.1282,20.4122 -7.1121,20.4056 -7.0955,20.4003 -7.0784,20.3965 -7.0611,20.3943 -7.0437,20.3935 -7.0263,20.3943 -7.0090,20.3965 -6.9919,20.4003 -6.9753,20.4056 -6.9592,20.4122 -6.9437,20.4203 -6.9290,20.4297 -6.9151,20.4403 -6.9023,20.4521 -6.8905,20.4649 -6.8799,20.4788 -6.8705,20.4935 -6.8624,20.5090 -6.8558,20.5251 -6.8505,20.5417 -6.8467,20.5588 -6.8445,20.5761 -6.8437,20.5935;
ADD P5 :W0.000000  -6.8437,25.9935 -6.8445,26.0109 -6.8467,26.0282 -6.8505,26.0453 -6.8558,26.0619 -6.8624,26.0780 -6.8705,26.0935 -6.8799,26.1082 -6.8905,26.1221 -6.9023,26.1349 -6.9151,26.1467 -6.9290,26.1573 -6.9437,26.1667 -6.9592,26.1748 -6.9753,26.1814 -6.9919,26.1867 -7.0090,26.1905 -7.0263,26.1927 -7.0437,26.1935 -7.0611,26.1927 -7.0784,26.1905 -7.0955,26.1867 -7.1121,26.1814 -7.1282,26.1748 -7.1437,26.1667 -7.1584,26.1573 -7.1723,26.1467 -7.1851,26.1349 -7.1969,26.1221 -7.2075,26.1082 -7.2169,26.0935 -7.2250,26.0780 -7.2316,26.0619 -7.2369,26.0453 -7.2407,26.0282 -7.2429,26.0109 -7.2437,25.9935 -7.2429,25.9761 -7.2407,25.9588 -7.2369,25.9417 -7.2316,25.9251 -7.2250,25.9090 -7.2169,25.8935 -7.2075,25.8788 -7.1969,25.8649 -7.1851,25.8521 -7.1723,25.8403 -7.1584,25.8297 -7.1437,25.8203 -7.1282,25.8122 -7.1121,25.8056 -7.0955,25.8003 -7.0784,25.7965 -7.0611,25.7943 -7.0437,25.7935 -7.0263,25.7943 -7.0090,25.7965 -6.9919,25.8003 -6.9753,25.8056 -6.9592,25.8122 -6.9437,25.8203 -6.9290,25.8297 -6.9151,25.8403 -6.9023,25.8521 -6.8905,25.8649 -6.8799,25.8788 -6.8705,25.8935 -6.8624,25.9090 -6.8558,25.9251 -6.8505,25.9417 -6.8467,25.9588 -6.8445,25.9761 -6.8437,25.9935;
ADD P5 :W0.000000  -2.9126,-20.7719 -2.9134,-20.7545 -2.9156,-20.7372 -2.9194,-20.7201 -2.9247,-20.7035 -2.9313,-20.6874 -2.9394,-20.6719 -2.9488,-20.6572 -2.9594,-20.6433 -2.9712,-20.6305 -2.9840,-20.6187 -2.9979,-20.6081 -3.0126,-20.5987 -3.0281,-20.5906 -3.0442,-20.5840 -3.0608,-20.5787 -3.0779,-20.5749 -3.0952,-20.5727 -3.1126,-20.5719 -3.1300,-20.5727 -3.1473,-20.5749 -3.1644,-20.5787 -3.1810,-20.5840 -3.1971,-20.5906 -3.2126,-20.5987 -3.2273,-20.6081 -3.2412,-20.6187 -3.2540,-20.6305 -3.2658,-20.6433 -3.2764,-20.6572 -3.2858,-20.6719 -3.2939,-20.6874 -3.3005,-20.7035 -3.3058,-20.7201 -3.3096,-20.7372 -3.3118,-20.7545 -3.3126,-20.7719 -3.3118,-20.7893 -3.3096,-20.8066 -3.3058,-20.8237 -3.3005,-20.8403 -3.2939,-20.8564 -3.2858,-20.8719 -3.2764,-20.8866 -3.2658,-20.9005 -3.2540,-20.9133 -3.2412,-20.9251 -3.2273,-20.9357 -3.2126,-20.9451 -3.1971,-20.9532 -3.1810,-20.9598 -3.1644,-20.9651 -3.1473,-20.9689 -3.1300,-20.9711 -3.1126,-20.9719 -3.0952,-20.9711 -3.0779,-20.9689 -3.0608,-20.9651 -3.0442,-20.9598 -3.0281,-20.9532 -3.0126,-20.9451 -2.9979,-20.9357 -2.9840,-20.9251 -2.9712,-20.9133 -2.9594,-20.9005 -2.9488,-20.8866 -2.9394,-20.8719 -2.9313,-20.8564 -2.9247,-20.8403 -2.9194,-20.8237 -2.9156,-20.8066 -2.9134,-20.7893 -2.9126,-20.7719;
ADD P5 :W0.000000  -2.9126,-15.3719 -2.9134,-15.3545 -2.9156,-15.3372 -2.9194,-15.3201 -2.9247,-15.3035 -2.9313,-15.2874 -2.9394,-15.2719 -2.9488,-15.2572 -2.9594,-15.2433 -2.9712,-15.2305 -2.9840,-15.2187 -2.9979,-15.2081 -3.0126,-15.1987 -3.0281,-15.1906 -3.0442,-15.1840 -3.0608,-15.1787 -3.0779,-15.1749 -3.0952,-15.1727 -3.1126,-15.1719 -3.1300,-15.1727 -3.1473,-15.1749 -3.1644,-15.1787 -3.1810,-15.1840 -3.1971,-15.1906 -3.2126,-15.1987 -3.2273,-15.2081 -3.2412,-15.2187 -3.2540,-15.2305 -3.2658,-15.2433 -3.2764,-15.2572 -3.2858,-15.2719 -3.2939,-15.2874 -3.3005,-15.3035 -3.3058,-15.3201 -3.3096,-15.3372 -3.3118,-15.3545 -3.3126,-15.3719 -3.3118,-15.3893 -3.3096,-15.4066 -3.3058,-15.4237 -3.3005,-15.4403 -3.2939,-15.4564 -3.2858,-15.4719 -3.2764,-15.4866 -3.2658,-15.5005 -3.2540,-15.5133 -3.2412,-15.5251 -3.2273,-15.5357 -3.2126,-15.5451 -3.1971,-15.5532 -3.1810,-15.5598 -3.1644,-15.5651 -3.1473,-15.5689 -3.1300,-15.5711 -3.1126,-15.5719 -3.0952,-15.5711 -3.0779,-15.5689 -3.0608,-15.5651 -3.0442,-15.5598 -3.0281,-15.5532 -3.0126,-15.5451 -2.9979,-15.5357 -2.9840,-15.5251 -2.9712,-15.5133 -2.9594,-15.5005 -2.9488,-15.4866 -2.9394,-15.4719 -2.9313,-15.4564 -2.9247,-15.4403 -2.9194,-15.4237 -2.9156,-15.4066 -2.9134,-15.3893 -2.9126,-15.3719;
ADD P5 :W0.000000  -2.9126,-9.9719 -2.9134,-9.9545 -2.9156,-9.9372 -2.9194,-9.9201 -2.9247,-9.9035 -2.9313,-9.8874 -2.9394,-9.8719 -2.9488,-9.8572 -2.9594,-9.8433 -2.9712,-9.8305 -2.9840,-9.8187 -2.9979,-9.8081 -3.0126,-9.7987 -3.0281,-9.7906 -3.0442,-9.7840 -3.0608,-9.7787 -3.0779,-9.7749 -3.0952,-9.7727 -3.1126,-9.7719 -3.1300,-9.7727 -3.1473,-9.7749 -3.1644,-9.7787 -3.1810,-9.7840 -3.1971,-9.7906 -3.2126,-9.7987 -3.2273,-9.8081 -3.2412,-9.8187 -3.2540,-9.8305 -3.2658,-9.8433 -3.2764,-9.8572 -3.2858,-9.8719 -3.2939,-9.8874 -3.3005,-9.9035 -3.3058,-9.9201 -3.3096,-9.9372 -3.3118,-9.9545 -3.3126,-9.9719 -3.3118,-9.9893 -3.3096,-10.0066 -3.3058,-10.0237 -3.3005,-10.0403 -3.2939,-10.0564 -3.2858,-10.0719 -3.2764,-10.0866 -3.2658,-10.1005 -3.2540,-10.1133 -3.2412,-10.1251 -3.2273,-10.1357 -3.2126,-10.1451 -3.1971,-10.1532 -3.1810,-10.1598 -3.1644,-10.1651 -3.1473,-10.1689 -3.1300,-10.1711 -3.1126,-10.1719 -3.0952,-10.1711 -3.0779,-10.1689 -3.0608,-10.1651 -3.0442,-10.1598 -3.0281,-10.1532 -3.0126,-10.1451 -2.9979,-10.1357 -2.9840,-10.1251 -2.9712,-10.1133 -2.9594,-10.1005 -2.9488,-10.0866 -2.9394,-10.0719 -2.9313,-10.0564 -2.9247,-10.0403 -2.9194,-10.0237 -2.9156,-10.0066 -2.9134,-9.9893 -2.9126,-9.9719;
ADD P5 :W0.000000  -2.9126,-4.5719 -2.9134,-4.5545 -2.9156,-4.5372 -2.9194,-4.5201 -2.9247,-4.5035 -2.9313,-4.4874 -2.9394,-4.4719 -2.9488,-4.4572 -2.9594,-4.4433 -2.9712,-4.4305 -2.9840,-4.4187 -2.9979,-4.4081 -3.0126,-4.3987 -3.0281,-4.3906 -3.0442,-4.3840 -3.0608,-4.3787 -3.0779,-4.3749 -3.0952,-4.3727 -3.1126,-4.3719 -3.1300,-4.3727 -3.1473,-4.3749 -3.1644,-4.3787 -3.1810,-4.3840 -3.1971,-4.3906 -3.2126,-4.3987 -3.2273,-4.4081 -3.2412,-4.4187 -3.2540,-4.4305 -3.2658,-4.4433 -3.2764,-4.4572 -3.2858,-4.4719 -3.2939,-4.4874 -3.3005,-4.5035 -3.3058,-4.5201 -3.3096,-4.5372 -3.3118,-4.5545 -3.3126,-4.5719 -3.3118,-4.5893 -3.3096,-4.6066 -3.3058,-4.6237 -3.3005,-4.6403 -3.2939,-4.6564 -3.2858,-4.6719 -3.2764,-4.6866 -3.2658,-4.7005 -3.2540,-4.7133 -3.2412,-4.7251 -3.2273,-4.7357 -3.2126,-4.7451 -3.1971,-4.7532 -3.1810,-4.7598 -3.1644,-4.7651 -3.1473,-4.7689 -3.1300,-4.7711 -3.1126,-4.7719 -3.0952,-4.7711 -3.0779,-4.7689 -3.0608,-4.7651 -3.0442,-4.7598 -3.0281,-4.7532 -3.0126,-4.7451 -2.9979,-4.7357 -2.9840,-4.7251 -2.9712,-4.7133 -2.9594,-4.7005 -2.9488,-4.6866 -2.9394,-4.6719 -2.9313,-4.6564 -2.9247,-4.6403 -2.9194,-4.6237 -2.9156,-4.6066 -2.9134,-4.5893 -2.9126,-4.5719;
ADD P5 :W0.000000  -2.9126,0.8281 -2.9134,0.8455 -2.9156,0.8628 -2.9194,0.8799 -2.9247,0.8965 -2.9313,0.9126 -2.9394,0.9281 -2.9488,0.9428 -2.9594,0.9567 -2.9712,0.9695 -2.9840,0.9813 -2.9979,0.9919 -3.0126,1.0013 -3.0281,1.0094 -3.0442,1.0160 -3.0608,1.0213 -3.0779,1.0251 -3.0952,1.0273 -3.1126,1.0281 -3.1300,1.0273 -3.1473,1.0251 -3.1644,1.0213 -3.1810,1.0160 -3.1971,1.0094 -3.2126,1.0013 -3.2273,0.9919 -3.2412,0.9813 -3.2540,0.9695 -3.2658,0.9567 -3.2764,0.9428 -3.2858,0.9281 -3.2939,0.9126 -3.3005,0.8965 -3.3058,0.8799 -3.3096,0.8628 -3.3118,0.8455 -3.3126,0.8281 -3.3118,0.8107 -3.3096,0.7934 -3.3058,0.7763 -3.3005,0.7597 -3.2939,0.7436 -3.2858,0.7281 -3.2764,0.7134 -3.2658,0.6995 -3.2540,0.6867 -3.2412,0.6749 -3.2273,0.6643 -3.2126,0.6549 -3.1971,0.6468 -3.1810,0.6402 -3.1644,0.6349 -3.1473,0.6311 -3.1300,0.6289 -3.1126,0.6281 -3.0952,0.6289 -3.0779,0.6311 -3.0608,0.6349 -3.0442,0.6402 -3.0281,0.6468 -3.0126,0.6549 -2.9979,0.6643 -2.9840,0.6749 -2.9712,0.6867 -2.9594,0.6995 -2.9488,0.7134 -2.9394,0.7281 -2.9313,0.7436 -2.9247,0.7597 -2.9194,0.7763 -2.9156,0.7934 -2.9134,0.8107 -2.9126,0.8281;
ADD P5 :W0.000000  -2.9126,6.2281 -2.9134,6.2455 -2.9156,6.2628 -2.9194,6.2799 -2.9247,6.2965 -2.9313,6.3126 -2.9394,6.3281 -2.9488,6.3428 -2.9594,6.3567 -2.9712,6.3695 -2.9840,6.3813 -2.9979,6.3919 -3.0126,6.4013 -3.0281,6.4094 -3.0442,6.4160 -3.0608,6.4213 -3.0779,6.4251 -3.0952,6.4273 -3.1126,6.4281 -3.1300,6.4273 -3.1473,6.4251 -3.1644,6.4213 -3.1810,6.4160 -3.1971,6.4094 -3.2126,6.4013 -3.2273,6.3919 -3.2412,6.3813 -3.2540,6.3695 -3.2658,6.3567 -3.2764,6.3428 -3.2858,6.3281 -3.2939,6.3126 -3.3005,6.2965 -3.3058,6.2799 -3.3096,6.2628 -3.3118,6.2455 -3.3126,6.2281 -3.3118,6.2107 -3.3096,6.1934 -3.3058,6.1763 -3.3005,6.1597 -3.2939,6.1436 -3.2858,6.1281 -3.2764,6.1134 -3.2658,6.0995 -3.2540,6.0867 -3.2412,6.0749 -3.2273,6.0643 -3.2126,6.0549 -3.1971,6.0468 -3.1810,6.0402 -3.1644,6.0349 -3.1473,6.0311 -3.1300,6.0289 -3.1126,6.0281 -3.0952,6.0289 -3.0779,6.0311 -3.0608,6.0349 -3.0442,6.0402 -3.0281,6.0468 -3.0126,6.0549 -2.9979,6.0643 -2.9840,6.0749 -2.9712,6.0867 -2.9594,6.0995 -2.9488,6.1134 -2.9394,6.1281 -2.9313,6.1436 -2.9247,6.1597 -2.9194,6.1763 -2.9156,6.1934 -2.9134,6.2107 -2.9126,6.2281;
ADD P5 :W0.000000  -2.9126,11.6281 -2.9134,11.6455 -2.9156,11.6628 -2.9194,11.6799 -2.9247,11.6965 -2.9313,11.7126 -2.9394,11.7281 -2.9488,11.7428 -2.9594,11.7567 -2.9712,11.7695 -2.9840,11.7813 -2.9979,11.7919 -3.0126,11.8013 -3.0281,11.8094 -3.0442,11.8160 -3.0608,11.8213 -3.0779,11.8251 -3.0952,11.8273 -3.1126,11.8281 -3.1300,11.8273 -3.1473,11.8251 -3.1644,11.8213 -3.1810,11.8160 -3.1971,11.8094 -3.2126,11.8013 -3.2273,11.7919 -3.2412,11.7813 -3.2540,11.7695 -3.2658,11.7567 -3.2764,11.7428 -3.2858,11.7281 -3.2939,11.7126 -3.3005,11.6965 -3.3058,11.6799 -3.3096,11.6628 -3.3118,11.6455 -3.3126,11.6281 -3.3118,11.6107 -3.3096,11.5934 -3.3058,11.5763 -3.3005,11.5597 -3.2939,11.5436 -3.2858,11.5281 -3.2764,11.5134 -3.2658,11.4995 -3.2540,11.4867 -3.2412,11.4749 -3.2273,11.4643 -3.2126,11.4549 -3.1971,11.4468 -3.1810,11.4402 -3.1644,11.4349 -3.1473,11.4311 -3.1300,11.4289 -3.1126,11.4281 -3.0952,11.4289 -3.0779,11.4311 -3.0608,11.4349 -3.0442,11.4402 -3.0281,11.4468 -3.0126,11.4549 -2.9979,11.4643 -2.9840,11.4749 -2.9712,11.4867 -2.9594,11.4995 -2.9488,11.5134 -2.9394,11.5281 -2.9313,11.5436 -2.9247,11.5597 -2.9194,11.5763 -2.9156,11.5934 -2.9134,11.6107 -2.9126,11.6281;
ADD P5 :W0.000000  -2.9126,17.0281 -2.9134,17.0455 -2.9156,17.0628 -2.9194,17.0799 -2.9247,17.0965 -2.9313,17.1126 -2.9394,17.1281 -2.9488,17.1428 -2.9594,17.1567 -2.9712,17.1695 -2.9840,17.1813 -2.9979,17.1919 -3.0126,17.2013 -3.0281,17.2094 -3.0442,17.2160 -3.0608,17.2213 -3.0779,17.2251 -3.0952,17.2273 -3.1126,17.2281 -3.1300,17.2273 -3.1473,17.2251 -3.1644,17.2213 -3.1810,17.2160 -3.1971,17.2094 -3.2126,17.2013 -3.2273,17.1919 -3.2412,17.1813 -3.2540,17.1695 -3.2658,17.1567 -3.2764,17.1428 -3.2858,17.1281 -3.2939,17.1126 -3.3005,17.0965 -3.3058,17.0799 -3.3096,17.0628 -3.3118,17.0455 -3.3126,17.0281 -3.3118,17.0107 -3.3096,16.9934 -3.3058,16.9763 -3.3005,16.9597 -3.2939,16.9436 -3.2858,16.9281 -3.2764,16.9134 -3.2658,16.8995 -3.2540,16.8867 -3.2412,16.8749 -3.2273,16.8643 -3.2126,16.8549 -3.1971,16.8468 -3.1810,16.8402 -3.1644,16.8349 -3.1473,16.8311 -3.1300,16.8289 -3.1126,16.8281 -3.0952,16.8289 -3.0779,16.8311 -3.0608,16.8349 -3.0442,16.8402 -3.0281,16.8468 -3.0126,16.8549 -2.9979,16.8643 -2.9840,16.8749 -2.9712,16.8867 -2.9594,16.8995 -2.9488,16.9134 -2.9394,16.9281 -2.9313,16.9436 -2.9247,16.9597 -2.9194,16.9763 -2.9156,16.9934 -2.9134,17.0107 -2.9126,17.0281;
ADD P5 :W0.000000  -2.9126,22.4281 -2.9134,22.4455 -2.9156,22.4628 -2.9194,22.4799 -2.9247,22.4965 -2.9313,22.5126 -2.9394,22.5281 -2.9488,22.5428 -2.9594,22.5567 -2.9712,22.5695 -2.9840,22.5813 -2.9979,22.5919 -3.0126,22.6013 -3.0281,22.6094 -3.0442,22.6160 -3.0608,22.6213 -3.0779,22.6251 -3.0952,22.6273 -3.1126,22.6281 -3.1300,22.6273 -3.1473,22.6251 -3.1644,22.6213 -3.1810,22.6160 -3.1971,22.6094 -3.2126,22.6013 -3.2273,22.5919 -3.2412,22.5813 -3.2540,22.5695 -3.2658,22.5567 -3.2764,22.5428 -3.2858,22.5281 -3.2939,22.5126 -3.3005,22.4965 -3.3058,22.4799 -3.3096,22.4628 -3.3118,22.4455 -3.3126,22.4281 -3.3118,22.4107 -3.3096,22.3934 -3.3058,22.3763 -3.3005,22.3597 -3.2939,22.3436 -3.2858,22.3281 -3.2764,22.3134 -3.2658,22.2995 -3.2540,22.2867 -3.2412,22.2749 -3.2273,22.2643 -3.2126,22.2549 -3.1971,22.2468 -3.1810,22.2402 -3.1644,22.2349 -3.1473,22.2311 -3.1300,22.2289 -3.1126,22.2281 -3.0952,22.2289 -3.0779,22.2311 -3.0608,22.2349 -3.0442,22.2402 -3.0281,22.2468 -3.0126,22.2549 -2.9979,22.2643 -2.9840,22.2749 -2.9712,22.2867 -2.9594,22.2995 -2.9488,22.3134 -2.9394,22.3281 -2.9313,22.3436 -2.9247,22.3597 -2.9194,22.3763 -2.9156,22.3934 -2.9134,22.4107 -2.9126,22.4281;
ADD P5 :W0.000000  11.4402,-17.0237 11.4394,-17.0063 11.4372,-16.9890 11.4334,-16.9719 11.4281,-16.9553 11.4215,-16.9392 11.4134,-16.9237 11.4040,-16.9090 11.3934,-16.8951 11.3816,-16.8823 11.3688,-16.8705 11.3549,-16.8599 11.3402,-16.8505 11.3247,-16.8424 11.3086,-16.8358 11.2920,-16.8305 11.2749,-16.8267 11.2576,-16.8245 11.2402,-16.8237 11.2228,-16.8245 11.2055,-16.8267 11.1884,-16.8305 11.1718,-16.8358 11.1557,-16.8424 11.1402,-16.8505 11.1255,-16.8599 11.1116,-16.8705 11.0988,-16.8823 11.0870,-16.8951 11.0764,-16.9090 11.0670,-16.9237 11.0589,-16.9392 11.0523,-16.9553 11.0470,-16.9719 11.0432,-16.9890 11.0410,-17.0063 11.0402,-17.0237 11.0410,-17.0411 11.0432,-17.0584 11.0470,-17.0755 11.0523,-17.0921 11.0589,-17.1082 11.0670,-17.1237 11.0764,-17.1384 11.0870,-17.1523 11.0988,-17.1651 11.1116,-17.1769 11.1255,-17.1875 11.1402,-17.1969 11.1557,-17.2050 11.1718,-17.2116 11.1884,-17.2169 11.2055,-17.2207 11.2228,-17.2229 11.2402,-17.2237 11.2576,-17.2229 11.2749,-17.2207 11.2920,-17.2169 11.3086,-17.2116 11.3247,-17.2050 11.3402,-17.1969 11.3549,-17.1875 11.3688,-17.1769 11.3816,-17.1651 11.3934,-17.1523 11.4040,-17.1384 11.4134,-17.1237 11.4215,-17.1082 11.4281,-17.0921 11.4334,-17.0755 11.4372,-17.0584 11.4394,-17.0411 11.4402,-17.0237;
ADD P5 :W0.000000  11.4402,-11.6237 11.4394,-11.6063 11.4372,-11.5890 11.4334,-11.5719 11.4281,-11.5553 11.4215,-11.5392 11.4134,-11.5237 11.4040,-11.5090 11.3934,-11.4951 11.3816,-11.4823 11.3688,-11.4705 11.3549,-11.4599 11.3402,-11.4505 11.3247,-11.4424 11.3086,-11.4358 11.2920,-11.4305 11.2749,-11.4267 11.2576,-11.4245 11.2402,-11.4237 11.2228,-11.4245 11.2055,-11.4267 11.1884,-11.4305 11.1718,-11.4358 11.1557,-11.4424 11.1402,-11.4505 11.1255,-11.4599 11.1116,-11.4705 11.0988,-11.4823 11.0870,-11.4951 11.0764,-11.5090 11.0670,-11.5237 11.0589,-11.5392 11.0523,-11.5553 11.0470,-11.5719 11.0432,-11.5890 11.0410,-11.6063 11.0402,-11.6237 11.0410,-11.6411 11.0432,-11.6584 11.0470,-11.6755 11.0523,-11.6921 11.0589,-11.7082 11.0670,-11.7237 11.0764,-11.7384 11.0870,-11.7523 11.0988,-11.7651 11.1116,-11.7769 11.1255,-11.7875 11.1402,-11.7969 11.1557,-11.8050 11.1718,-11.8116 11.1884,-11.8169 11.2055,-11.8207 11.2228,-11.8229 11.2402,-11.8237 11.2576,-11.8229 11.2749,-11.8207 11.2920,-11.8169 11.3086,-11.8116 11.3247,-11.8050 11.3402,-11.7969 11.3549,-11.7875 11.3688,-11.7769 11.3816,-11.7651 11.3934,-11.7523 11.4040,-11.7384 11.4134,-11.7237 11.4215,-11.7082 11.4281,-11.6921 11.4334,-11.6755 11.4372,-11.6584 11.4394,-11.6411 11.4402,-11.6237;
ADD P5 :W0.000000  11.4402,-6.2237 11.4394,-6.2063 11.4372,-6.1890 11.4334,-6.1719 11.4281,-6.1553 11.4215,-6.1392 11.4134,-6.1237 11.4040,-6.1090 11.3934,-6.0951 11.3816,-6.0823 11.3688,-6.0705 11.3549,-6.0599 11.3402,-6.0505 11.3247,-6.0424 11.3086,-6.0358 11.2920,-6.0305 11.2749,-6.0267 11.2576,-6.0245 11.2402,-6.0237 11.2228,-6.0245 11.2055,-6.0267 11.1884,-6.0305 11.1718,-6.0358 11.1557,-6.0424 11.1402,-6.0505 11.1255,-6.0599 11.1116,-6.0705 11.0988,-6.0823 11.0870,-6.0951 11.0764,-6.1090 11.0670,-6.1237 11.0589,-6.1392 11.0523,-6.1553 11.0470,-6.1719 11.0432,-6.1890 11.0410,-6.2063 11.0402,-6.2237 11.0410,-6.2411 11.0432,-6.2584 11.0470,-6.2755 11.0523,-6.2921 11.0589,-6.3082 11.0670,-6.3237 11.0764,-6.3384 11.0870,-6.3523 11.0988,-6.3651 11.1116,-6.3769 11.1255,-6.3875 11.1402,-6.3969 11.1557,-6.4050 11.1718,-6.4116 11.1884,-6.4169 11.2055,-6.4207 11.2228,-6.4229 11.2402,-6.4237 11.2576,-6.4229 11.2749,-6.4207 11.2920,-6.4169 11.3086,-6.4116 11.3247,-6.4050 11.3402,-6.3969 11.3549,-6.3875 11.3688,-6.3769 11.3816,-6.3651 11.3934,-6.3523 11.4040,-6.3384 11.4134,-6.3237 11.4215,-6.3082 11.4281,-6.2921 11.4334,-6.2755 11.4372,-6.2584 11.4394,-6.2411 11.4402,-6.2237;
ADD P5 :W0.000000  11.4402,-0.8237 11.4394,-0.8063 11.4372,-0.7890 11.4334,-0.7719 11.4281,-0.7553 11.4215,-0.7392 11.4134,-0.7237 11.4040,-0.7090 11.3934,-0.6951 11.3816,-0.6823 11.3688,-0.6705 11.3549,-0.6599 11.3402,-0.6505 11.3247,-0.6424 11.3086,-0.6358 11.2920,-0.6305 11.2749,-0.6267 11.2576,-0.6245 11.2402,-0.6237 11.2228,-0.6245 11.2055,-0.6267 11.1884,-0.6305 11.1718,-0.6358 11.1557,-0.6424 11.1402,-0.6505 11.1255,-0.6599 11.1116,-0.6705 11.0988,-0.6823 11.0870,-0.6951 11.0764,-0.7090 11.0670,-0.7237 11.0589,-0.7392 11.0523,-0.7553 11.0470,-0.7719 11.0432,-0.7890 11.0410,-0.8063 11.0402,-0.8237 11.0410,-0.8411 11.0432,-0.8584 11.0470,-0.8755 11.0523,-0.8921 11.0589,-0.9082 11.0670,-0.9237 11.0764,-0.9384 11.0870,-0.9523 11.0988,-0.9651 11.1116,-0.9769 11.1255,-0.9875 11.1402,-0.9969 11.1557,-1.0050 11.1718,-1.0116 11.1884,-1.0169 11.2055,-1.0207 11.2228,-1.0229 11.2402,-1.0237 11.2576,-1.0229 11.2749,-1.0207 11.2920,-1.0169 11.3086,-1.0116 11.3247,-1.0050 11.3402,-0.9969 11.3549,-0.9875 11.3688,-0.9769 11.3816,-0.9651 11.3934,-0.9523 11.4040,-0.9384 11.4134,-0.9237 11.4215,-0.9082 11.4281,-0.8921 11.4334,-0.8755 11.4372,-0.8584 11.4394,-0.8411 11.4402,-0.8237;
ADD P5 :W0.000000  11.4402,4.5763 11.4394,4.5937 11.4372,4.6110 11.4334,4.6281 11.4281,4.6447 11.4215,4.6608 11.4134,4.6763 11.4040,4.6910 11.3934,4.7049 11.3816,4.7177 11.3688,4.7295 11.3549,4.7401 11.3402,4.7495 11.3247,4.7576 11.3086,4.7642 11.2920,4.7695 11.2749,4.7733 11.2576,4.7755 11.2402,4.7763 11.2228,4.7755 11.2055,4.7733 11.1884,4.7695 11.1718,4.7642 11.1557,4.7576 11.1402,4.7495 11.1255,4.7401 11.1116,4.7295 11.0988,4.7177 11.0870,4.7049 11.0764,4.6910 11.0670,4.6763 11.0589,4.6608 11.0523,4.6447 11.0470,4.6281 11.0432,4.6110 11.0410,4.5937 11.0402,4.5763 11.0410,4.5589 11.0432,4.5416 11.0470,4.5245 11.0523,4.5079 11.0589,4.4918 11.0670,4.4763 11.0764,4.4616 11.0870,4.4477 11.0988,4.4349 11.1116,4.4231 11.1255,4.4125 11.1402,4.4031 11.1557,4.3950 11.1718,4.3884 11.1884,4.3831 11.2055,4.3793 11.2228,4.3771 11.2402,4.3763 11.2576,4.3771 11.2749,4.3793 11.2920,4.3831 11.3086,4.3884 11.3247,4.3950 11.3402,4.4031 11.3549,4.4125 11.3688,4.4231 11.3816,4.4349 11.3934,4.4477 11.4040,4.4616 11.4134,4.4763 11.4215,4.4918 11.4281,4.5079 11.4334,4.5245 11.4372,4.5416 11.4394,4.5589 11.4402,4.5763;
ADD P5 :W0.000000  11.4402,9.9763 11.4394,9.9937 11.4372,10.0110 11.4334,10.0281 11.4281,10.0447 11.4215,10.0608 11.4134,10.0763 11.4040,10.0910 11.3934,10.1049 11.3816,10.1177 11.3688,10.1295 11.3549,10.1401 11.3402,10.1495 11.3247,10.1576 11.3086,10.1642 11.2920,10.1695 11.2749,10.1733 11.2576,10.1755 11.2402,10.1763 11.2228,10.1755 11.2055,10.1733 11.1884,10.1695 11.1718,10.1642 11.1557,10.1576 11.1402,10.1495 11.1255,10.1401 11.1116,10.1295 11.0988,10.1177 11.0870,10.1049 11.0764,10.0910 11.0670,10.0763 11.0589,10.0608 11.0523,10.0447 11.0470,10.0281 11.0432,10.0110 11.0410,9.9937 11.0402,9.9763 11.0410,9.9589 11.0432,9.9416 11.0470,9.9245 11.0523,9.9079 11.0589,9.8918 11.0670,9.8763 11.0764,9.8616 11.0870,9.8477 11.0988,9.8349 11.1116,9.8231 11.1255,9.8125 11.1402,9.8031 11.1557,9.7950 11.1718,9.7884 11.1884,9.7831 11.2055,9.7793 11.2228,9.7771 11.2402,9.7763 11.2576,9.7771 11.2749,9.7793 11.2920,9.7831 11.3086,9.7884 11.3247,9.7950 11.3402,9.8031 11.3549,9.8125 11.3688,9.8231 11.3816,9.8349 11.3934,9.8477 11.4040,9.8616 11.4134,9.8763 11.4215,9.8918 11.4281,9.9079 11.4334,9.9245 11.4372,9.9416 11.4394,9.9589 11.4402,9.9763;
ADD P5 :W0.000000  11.4402,15.3763 11.4394,15.3937 11.4372,15.4110 11.4334,15.4281 11.4281,15.4447 11.4215,15.4608 11.4134,15.4763 11.4040,15.4910 11.3934,15.5049 11.3816,15.5177 11.3688,15.5295 11.3549,15.5401 11.3402,15.5495 11.3247,15.5576 11.3086,15.5642 11.2920,15.5695 11.2749,15.5733 11.2576,15.5755 11.2402,15.5763 11.2228,15.5755 11.2055,15.5733 11.1884,15.5695 11.1718,15.5642 11.1557,15.5576 11.1402,15.5495 11.1255,15.5401 11.1116,15.5295 11.0988,15.5177 11.0870,15.5049 11.0764,15.4910 11.0670,15.4763 11.0589,15.4608 11.0523,15.4447 11.0470,15.4281 11.0432,15.4110 11.0410,15.3937 11.0402,15.3763 11.0410,15.3589 11.0432,15.3416 11.0470,15.3245 11.0523,15.3079 11.0589,15.2918 11.0670,15.2763 11.0764,15.2616 11.0870,15.2477 11.0988,15.2349 11.1116,15.2231 11.1255,15.2125 11.1402,15.2031 11.1557,15.1950 11.1718,15.1884 11.1884,15.1831 11.2055,15.1793 11.2228,15.1771 11.2402,15.1763 11.2576,15.1771 11.2749,15.1793 11.2920,15.1831 11.3086,15.1884 11.3247,15.1950 11.3402,15.2031 11.3549,15.2125 11.3688,15.2231 11.3816,15.2349 11.3934,15.2477 11.4040,15.2616 11.4134,15.2763 11.4215,15.2918 11.4281,15.3079 11.4334,15.3245 11.4372,15.3416 11.4394,15.3589 11.4402,15.3763;
ADD P5 :W0.000000  11.4402,20.7763 11.4394,20.7937 11.4372,20.8110 11.4334,20.8281 11.4281,20.8447 11.4215,20.8608 11.4134,20.8763 11.4040,20.8910 11.3934,20.9049 11.3816,20.9177 11.3688,20.9295 11.3549,20.9401 11.3402,20.9495 11.3247,20.9576 11.3086,20.9642 11.2920,20.9695 11.2749,20.9733 11.2576,20.9755 11.2402,20.9763 11.2228,20.9755 11.2055,20.9733 11.1884,20.9695 11.1718,20.9642 11.1557,20.9576 11.1402,20.9495 11.1255,20.9401 11.1116,20.9295 11.0988,20.9177 11.0870,20.9049 11.0764,20.8910 11.0670,20.8763 11.0589,20.8608 11.0523,20.8447 11.0470,20.8281 11.0432,20.8110 11.0410,20.7937 11.0402,20.7763 11.0410,20.7589 11.0432,20.7416 11.0470,20.7245 11.0523,20.7079 11.0589,20.6918 11.0670,20.6763 11.0764,20.6616 11.0870,20.6477 11.0988,20.6349 11.1116,20.6231 11.1255,20.6125 11.1402,20.6031 11.1557,20.5950 11.1718,20.5884 11.1884,20.5831 11.2055,20.5793 11.2228,20.5771 11.2402,20.5763 11.2576,20.5771 11.2749,20.5793 11.2920,20.5831 11.3086,20.5884 11.3247,20.5950 11.3402,20.6031 11.3549,20.6125 11.3688,20.6231 11.3816,20.6349 11.3934,20.6477 11.4040,20.6616 11.4134,20.6763 11.4215,20.6918 11.4281,20.7079 11.4334,20.7245 11.4372,20.7416 11.4394,20.7589 11.4402,20.7763;
ADD P5 :W0.000000  11.4402,26.1763 11.4394,26.1937 11.4372,26.2110 11.4334,26.2281 11.4281,26.2447 11.4215,26.2608 11.4134,26.2763 11.4040,26.2910 11.3934,26.3049 11.3816,26.3177 11.3688,26.3295 11.3549,26.3401 11.3402,26.3495 11.3247,26.3576 11.3086,26.3642 11.2920,26.3695 11.2749,26.3733 11.2576,26.3755 11.2402,26.3763 11.2228,26.3755 11.2055,26.3733 11.1884,26.3695 11.1718,26.3642 11.1557,26.3576 11.1402,26.3495 11.1255,26.3401 11.1116,26.3295 11.0988,26.3177 11.0870,26.3049 11.0764,26.2910 11.0670,26.2763 11.0589,26.2608 11.0523,26.2447 11.0470,26.2281 11.0432,26.2110 11.0410,26.1937 11.0402,26.1763 11.0410,26.1589 11.0432,26.1416 11.0470,26.1245 11.0523,26.1079 11.0589,26.0918 11.0670,26.0763 11.0764,26.0616 11.0870,26.0477 11.0988,26.0349 11.1116,26.0231 11.1255,26.0125 11.1402,26.0031 11.1557,25.9950 11.1718,25.9884 11.1884,25.9831 11.2055,25.9793 11.2228,25.9771 11.2402,25.9763 11.2576,25.9771 11.2749,25.9793 11.2920,25.9831 11.3086,25.9884 11.3247,25.9950 11.3402,26.0031 11.3549,26.0125 11.3688,26.0231 11.3816,26.0349 11.3934,26.0477 11.4040,26.0616 11.4134,26.0763 11.4215,26.0918 11.4281,26.1079 11.4334,26.1245 11.4372,26.1416 11.4394,26.1589 11.4402,26.1763;
ADD P5 :W0.000000  15.3713,-19.7663 15.3705,-19.7489 15.3683,-19.7316 15.3645,-19.7145 15.3592,-19.6979 15.3526,-19.6818 15.3445,-19.6663 15.3351,-19.6516 15.3245,-19.6377 15.3127,-19.6249 15.2999,-19.6131 15.2860,-19.6025 15.2713,-19.5931 15.2558,-19.5850 15.2397,-19.5784 15.2231,-19.5731 15.2060,-19.5693 15.1887,-19.5671 15.1713,-19.5663 15.1539,-19.5671 15.1366,-19.5693 15.1195,-19.5731 15.1029,-19.5784 15.0868,-19.5850 15.0713,-19.5931 15.0566,-19.6025 15.0427,-19.6131 15.0299,-19.6249 15.0181,-19.6377 15.0075,-19.6516 14.9981,-19.6663 14.9900,-19.6818 14.9834,-19.6979 14.9781,-19.7145 14.9743,-19.7316 14.9721,-19.7489 14.9713,-19.7663 14.9721,-19.7837 14.9743,-19.8010 14.9781,-19.8181 14.9834,-19.8347 14.9900,-19.8508 14.9981,-19.8663 15.0075,-19.8810 15.0181,-19.8949 15.0299,-19.9077 15.0427,-19.9195 15.0566,-19.9301 15.0713,-19.9395 15.0868,-19.9476 15.1029,-19.9542 15.1195,-19.9595 15.1366,-19.9633 15.1539,-19.9655 15.1713,-19.9663 15.1887,-19.9655 15.2060,-19.9633 15.2231,-19.9595 15.2397,-19.9542 15.2558,-19.9476 15.2713,-19.9395 15.2860,-19.9301 15.2999,-19.9195 15.3127,-19.9077 15.3245,-19.8949 15.3351,-19.8810 15.3445,-19.8663 15.3526,-19.8508 15.3592,-19.8347 15.3645,-19.8181 15.3683,-19.8010 15.3705,-19.7837 15.3713,-19.7663;
ADD P5 :W0.000000  15.3713,-14.3663 15.3705,-14.3489 15.3683,-14.3316 15.3645,-14.3145 15.3592,-14.2979 15.3526,-14.2818 15.3445,-14.2663 15.3351,-14.2516 15.3245,-14.2377 15.3127,-14.2249 15.2999,-14.2131 15.2860,-14.2025 15.2713,-14.1931 15.2558,-14.1850 15.2397,-14.1784 15.2231,-14.1731 15.2060,-14.1693 15.1887,-14.1671 15.1713,-14.1663 15.1539,-14.1671 15.1366,-14.1693 15.1195,-14.1731 15.1029,-14.1784 15.0868,-14.1850 15.0713,-14.1931 15.0566,-14.2025 15.0427,-14.2131 15.0299,-14.2249 15.0181,-14.2377 15.0075,-14.2516 14.9981,-14.2663 14.9900,-14.2818 14.9834,-14.2979 14.9781,-14.3145 14.9743,-14.3316 14.9721,-14.3489 14.9713,-14.3663 14.9721,-14.3837 14.9743,-14.4010 14.9781,-14.4181 14.9834,-14.4347 14.9900,-14.4508 14.9981,-14.4663 15.0075,-14.4810 15.0181,-14.4949 15.0299,-14.5077 15.0427,-14.5195 15.0566,-14.5301 15.0713,-14.5395 15.0868,-14.5476 15.1029,-14.5542 15.1195,-14.5595 15.1366,-14.5633 15.1539,-14.5655 15.1713,-14.5663 15.1887,-14.5655 15.2060,-14.5633 15.2231,-14.5595 15.2397,-14.5542 15.2558,-14.5476 15.2713,-14.5395 15.2860,-14.5301 15.2999,-14.5195 15.3127,-14.5077 15.3245,-14.4949 15.3351,-14.4810 15.3445,-14.4663 15.3526,-14.4508 15.3592,-14.4347 15.3645,-14.4181 15.3683,-14.4010 15.3705,-14.3837 15.3713,-14.3663;
ADD P5 :W0.000000  15.3713,-8.9663 15.3705,-8.9489 15.3683,-8.9316 15.3645,-8.9145 15.3592,-8.8979 15.3526,-8.8818 15.3445,-8.8663 15.3351,-8.8516 15.3245,-8.8377 15.3127,-8.8249 15.2999,-8.8131 15.2860,-8.8025 15.2713,-8.7931 15.2558,-8.7850 15.2397,-8.7784 15.2231,-8.7731 15.2060,-8.7693 15.1887,-8.7671 15.1713,-8.7663 15.1539,-8.7671 15.1366,-8.7693 15.1195,-8.7731 15.1029,-8.7784 15.0868,-8.7850 15.0713,-8.7931 15.0566,-8.8025 15.0427,-8.8131 15.0299,-8.8249 15.0181,-8.8377 15.0075,-8.8516 14.9981,-8.8663 14.9900,-8.8818 14.9834,-8.8979 14.9781,-8.9145 14.9743,-8.9316 14.9721,-8.9489 14.9713,-8.9663 14.9721,-8.9837 14.9743,-9.0010 14.9781,-9.0181 14.9834,-9.0347 14.9900,-9.0508 14.9981,-9.0663 15.0075,-9.0810 15.0181,-9.0949 15.0299,-9.1077 15.0427,-9.1195 15.0566,-9.1301 15.0713,-9.1395 15.0868,-9.1476 15.1029,-9.1542 15.1195,-9.1595 15.1366,-9.1633 15.1539,-9.1655 15.1713,-9.1663 15.1887,-9.1655 15.2060,-9.1633 15.2231,-9.1595 15.2397,-9.1542 15.2558,-9.1476 15.2713,-9.1395 15.2860,-9.1301 15.2999,-9.1195 15.3127,-9.1077 15.3245,-9.0949 15.3351,-9.0810 15.3445,-9.0663 15.3526,-9.0508 15.3592,-9.0347 15.3645,-9.0181 15.3683,-9.0010 15.3705,-8.9837 15.3713,-8.9663;
ADD P5 :W0.000000  15.3713,-3.5663 15.3705,-3.5489 15.3683,-3.5316 15.3645,-3.5145 15.3592,-3.4979 15.3526,-3.4818 15.3445,-3.4663 15.3351,-3.4516 15.3245,-3.4377 15.3127,-3.4249 15.2999,-3.4131 15.2860,-3.4025 15.2713,-3.3931 15.2558,-3.3850 15.2397,-3.3784 15.2231,-3.3731 15.2060,-3.3693 15.1887,-3.3671 15.1713,-3.3663 15.1539,-3.3671 15.1366,-3.3693 15.1195,-3.3731 15.1029,-3.3784 15.0868,-3.3850 15.0713,-3.3931 15.0566,-3.4025 15.0427,-3.4131 15.0299,-3.4249 15.0181,-3.4377 15.0075,-3.4516 14.9981,-3.4663 14.9900,-3.4818 14.9834,-3.4979 14.9781,-3.5145 14.9743,-3.5316 14.9721,-3.5489 14.9713,-3.5663 14.9721,-3.5837 14.9743,-3.6010 14.9781,-3.6181 14.9834,-3.6347 14.9900,-3.6508 14.9981,-3.6663 15.0075,-3.6810 15.0181,-3.6949 15.0299,-3.7077 15.0427,-3.7195 15.0566,-3.7301 15.0713,-3.7395 15.0868,-3.7476 15.1029,-3.7542 15.1195,-3.7595 15.1366,-3.7633 15.1539,-3.7655 15.1713,-3.7663 15.1887,-3.7655 15.2060,-3.7633 15.2231,-3.7595 15.2397,-3.7542 15.2558,-3.7476 15.2713,-3.7395 15.2860,-3.7301 15.2999,-3.7195 15.3127,-3.7077 15.3245,-3.6949 15.3351,-3.6810 15.3445,-3.6663 15.3526,-3.6508 15.3592,-3.6347 15.3645,-3.6181 15.3683,-3.6010 15.3705,-3.5837 15.3713,-3.5663;
ADD P5 :W0.000000  15.3713,1.8337 15.3705,1.8511 15.3683,1.8684 15.3645,1.8855 15.3592,1.9021 15.3526,1.9182 15.3445,1.9337 15.3351,1.9484 15.3245,1.9623 15.3127,1.9751 15.2999,1.9869 15.2860,1.9975 15.2713,2.0069 15.2558,2.0150 15.2397,2.0216 15.2231,2.0269 15.2060,2.0307 15.1887,2.0329 15.1713,2.0337 15.1539,2.0329 15.1366,2.0307 15.1195,2.0269 15.1029,2.0216 15.0868,2.0150 15.0713,2.0069 15.0566,1.9975 15.0427,1.9869 15.0299,1.9751 15.0181,1.9623 15.0075,1.9484 14.9981,1.9337 14.9900,1.9182 14.9834,1.9021 14.9781,1.8855 14.9743,1.8684 14.9721,1.8511 14.9713,1.8337 14.9721,1.8163 14.9743,1.7990 14.9781,1.7819 14.9834,1.7653 14.9900,1.7492 14.9981,1.7337 15.0075,1.7190 15.0181,1.7051 15.0299,1.6923 15.0427,1.6805 15.0566,1.6699 15.0713,1.6605 15.0868,1.6524 15.1029,1.6458 15.1195,1.6405 15.1366,1.6367 15.1539,1.6345 15.1713,1.6337 15.1887,1.6345 15.2060,1.6367 15.2231,1.6405 15.2397,1.6458 15.2558,1.6524 15.2713,1.6605 15.2860,1.6699 15.2999,1.6805 15.3127,1.6923 15.3245,1.7051 15.3351,1.7190 15.3445,1.7337 15.3526,1.7492 15.3592,1.7653 15.3645,1.7819 15.3683,1.7990 15.3705,1.8163 15.3713,1.8337;
ADD P5 :W0.000000  15.3713,7.2337 15.3705,7.2511 15.3683,7.2684 15.3645,7.2855 15.3592,7.3021 15.3526,7.3182 15.3445,7.3337 15.3351,7.3484 15.3245,7.3623 15.3127,7.3751 15.2999,7.3869 15.2860,7.3975 15.2713,7.4069 15.2558,7.4150 15.2397,7.4216 15.2231,7.4269 15.2060,7.4307 15.1887,7.4329 15.1713,7.4337 15.1539,7.4329 15.1366,7.4307 15.1195,7.4269 15.1029,7.4216 15.0868,7.4150 15.0713,7.4069 15.0566,7.3975 15.0427,7.3869 15.0299,7.3751 15.0181,7.3623 15.0075,7.3484 14.9981,7.3337 14.9900,7.3182 14.9834,7.3021 14.9781,7.2855 14.9743,7.2684 14.9721,7.2511 14.9713,7.2337 14.9721,7.2163 14.9743,7.1990 14.9781,7.1819 14.9834,7.1653 14.9900,7.1492 14.9981,7.1337 15.0075,7.1190 15.0181,7.1051 15.0299,7.0923 15.0427,7.0805 15.0566,7.0699 15.0713,7.0605 15.0868,7.0524 15.1029,7.0458 15.1195,7.0405 15.1366,7.0367 15.1539,7.0345 15.1713,7.0337 15.1887,7.0345 15.2060,7.0367 15.2231,7.0405 15.2397,7.0458 15.2558,7.0524 15.2713,7.0605 15.2860,7.0699 15.2999,7.0805 15.3127,7.0923 15.3245,7.1051 15.3351,7.1190 15.3445,7.1337 15.3526,7.1492 15.3592,7.1653 15.3645,7.1819 15.3683,7.1990 15.3705,7.2163 15.3713,7.2337;
ADD P5 :W0.000000  15.3713,12.6337 15.3705,12.6511 15.3683,12.6684 15.3645,12.6855 15.3592,12.7021 15.3526,12.7182 15.3445,12.7337 15.3351,12.7484 15.3245,12.7623 15.3127,12.7751 15.2999,12.7869 15.2860,12.7975 15.2713,12.8069 15.2558,12.8150 15.2397,12.8216 15.2231,12.8269 15.2060,12.8307 15.1887,12.8329 15.1713,12.8337 15.1539,12.8329 15.1366,12.8307 15.1195,12.8269 15.1029,12.8216 15.0868,12.8150 15.0713,12.8069 15.0566,12.7975 15.0427,12.7869 15.0299,12.7751 15.0181,12.7623 15.0075,12.7484 14.9981,12.7337 14.9900,12.7182 14.9834,12.7021 14.9781,12.6855 14.9743,12.6684 14.9721,12.6511 14.9713,12.6337 14.9721,12.6163 14.9743,12.5990 14.9781,12.5819 14.9834,12.5653 14.9900,12.5492 14.9981,12.5337 15.0075,12.5190 15.0181,12.5051 15.0299,12.4923 15.0427,12.4805 15.0566,12.4699 15.0713,12.4605 15.0868,12.4524 15.1029,12.4458 15.1195,12.4405 15.1366,12.4367 15.1539,12.4345 15.1713,12.4337 15.1887,12.4345 15.2060,12.4367 15.2231,12.4405 15.2397,12.4458 15.2558,12.4524 15.2713,12.4605 15.2860,12.4699 15.2999,12.4805 15.3127,12.4923 15.3245,12.5051 15.3351,12.5190 15.3445,12.5337 15.3526,12.5492 15.3592,12.5653 15.3645,12.5819 15.3683,12.5990 15.3705,12.6163 15.3713,12.6337;
ADD P5 :W0.000000  15.3713,18.0337 15.3705,18.0511 15.3683,18.0684 15.3645,18.0855 15.3592,18.1021 15.3526,18.1182 15.3445,18.1337 15.3351,18.1484 15.3245,18.1623 15.3127,18.1751 15.2999,18.1869 15.2860,18.1975 15.2713,18.2069 15.2558,18.2150 15.2397,18.2216 15.2231,18.2269 15.2060,18.2307 15.1887,18.2329 15.1713,18.2337 15.1539,18.2329 15.1366,18.2307 15.1195,18.2269 15.1029,18.2216 15.0868,18.2150 15.0713,18.2069 15.0566,18.1975 15.0427,18.1869 15.0299,18.1751 15.0181,18.1623 15.0075,18.1484 14.9981,18.1337 14.9900,18.1182 14.9834,18.1021 14.9781,18.0855 14.9743,18.0684 14.9721,18.0511 14.9713,18.0337 14.9721,18.0163 14.9743,17.9990 14.9781,17.9819 14.9834,17.9653 14.9900,17.9492 14.9981,17.9337 15.0075,17.9190 15.0181,17.9051 15.0299,17.8923 15.0427,17.8805 15.0566,17.8699 15.0713,17.8605 15.0868,17.8524 15.1029,17.8458 15.1195,17.8405 15.1366,17.8367 15.1539,17.8345 15.1713,17.8337 15.1887,17.8345 15.2060,17.8367 15.2231,17.8405 15.2397,17.8458 15.2558,17.8524 15.2713,17.8605 15.2860,17.8699 15.2999,17.8805 15.3127,17.8923 15.3245,17.9051 15.3351,17.9190 15.3445,17.9337 15.3526,17.9492 15.3592,17.9653 15.3645,17.9819 15.3683,17.9990 15.3705,18.0163 15.3713,18.0337;
ADD P5 :W0.000000  15.3713,23.4337 15.3705,23.4511 15.3683,23.4684 15.3645,23.4855 15.3592,23.5021 15.3526,23.5182 15.3445,23.5337 15.3351,23.5484 15.3245,23.5623 15.3127,23.5751 15.2999,23.5869 15.2860,23.5975 15.2713,23.6069 15.2558,23.6150 15.2397,23.6216 15.2231,23.6269 15.2060,23.6307 15.1887,23.6329 15.1713,23.6337 15.1539,23.6329 15.1366,23.6307 15.1195,23.6269 15.1029,23.6216 15.0868,23.6150 15.0713,23.6069 15.0566,23.5975 15.0427,23.5869 15.0299,23.5751 15.0181,23.5623 15.0075,23.5484 14.9981,23.5337 14.9900,23.5182 14.9834,23.5021 14.9781,23.4855 14.9743,23.4684 14.9721,23.4511 14.9713,23.4337 14.9721,23.4163 14.9743,23.3990 14.9781,23.3819 14.9834,23.3653 14.9900,23.3492 14.9981,23.3337 15.0075,23.3190 15.0181,23.3051 15.0299,23.2923 15.0427,23.2805 15.0566,23.2699 15.0713,23.2605 15.0868,23.2524 15.1029,23.2458 15.1195,23.2405 15.1366,23.2367 15.1539,23.2345 15.1713,23.2337 15.1887,23.2345 15.2060,23.2367 15.2231,23.2405 15.2397,23.2458 15.2558,23.2524 15.2713,23.2605 15.2860,23.2699 15.2999,23.2805 15.3127,23.2923 15.3245,23.3051 15.3351,23.3190 15.3445,23.3337 15.3526,23.3492 15.3592,23.3653 15.3645,23.3819 15.3683,23.3990 15.3705,23.4163 15.3713,23.4337;
SAVE;
