UNITS MM,10000;
EDIT proj;
ADD P1 :W0.000000  2.3540,1.5000 3.8540,1.5000 3.8540,27.5000 2.3540,27.5000;
ADD P2 :W0.000000  2.3540,25.4115 3.8540,25.4115 3.8540,51.4115 2.3540,51.4115;
ADD P5 :W0.000000  3.3000,26.3000 3.2992,26.3174 3.2970,26.3347 3.2932,26.3518 3.2879,26.3684 3.2813,26.3845 3.2732,26.4000 3.2638,26.4147 3.2532,26.4286 3.2414,26.4414 3.2286,26.4532 3.2147,26.4638 3.2000,26.4732 3.1845,26.4813 3.1684,26.4879 3.1518,26.4932 3.1347,26.4970 3.1174,26.4992 3.1000,26.5000 3.0826,26.4992 3.0653,26.4970 3.0482,26.4932 3.0316,26.4879 3.0155,26.4813 3.0000,26.4732 2.9853,26.4638 2.9714,26.4532 2.9586,26.4414 2.9468,26.4286 2.9362,26.4147 2.9268,26.4000 2.9187,26.3845 2.9121,26.3684 2.9068,26.3518 2.9030,26.3347 2.9008,26.3174 2.9000,26.3000 2.9008,26.2826 2.9030,26.2653 2.9068,26.2482 2.9121,26.2316 2.9187,26.2155 2.9268,26.2000 2.9362,26.1853 2.9468,26.1714 2.9586,26.1586 2.9714,26.1468 2.9853,26.1362 3.0000,26.1268 3.0155,26.1187 3.0316,26.1121 3.0482,26.1068 3.0653,26.1030 3.0826,26.1008 3.1000,26.1000 3.1174,26.1008 3.1347,26.1030 3.1518,26.1068 3.1684,26.1121 3.1845,26.1187 3.2000,26.1268 3.2147,26.1362 3.2286,26.1468 3.2414,26.1586 3.2532,26.1714 3.2638,26.1853 3.2732,26.2000 3.2813,26.2155 3.2879,26.2316 3.2932,26.2482 3.2970,26.2653 3.2992,26.2826 3.3000,26.3000;
ADD P1 :W0.000000  6.8540,1.5000 19.4000,1.5000 19.4000,51.4115 -13.2000,51.4115 -13.2000,1.5000 -0.6460,1.5000 -0.6460,28.6000 6.8540,28.6000;
ADD P2 :W0.000000  -13.2000,1.5000 -0.6460,1.5000 -0.6460,51.4000 -13.2000,51.4000;
  BEGIN_ASSOC
  END_ASSOC
ADD P2 :W0.000000  -13.2000,1.5000 19.4000,1.5000 19.4000,51.4000 6.8540,51.4000 6.8540,24.3115 -0.6460,24.3115 -0.6460,51.4115 -13.2000,51.4115;
SAVE;
